output = vTk dTk mPk
extra metric transfer functions = y
N_ur = 2.0328
gauge = synchronous
n_s = 0.9649
k_pivot = 0.05
tau_reio = 0.066
T_cmb = 2.7255
Omega_k = 0.0
N_ncdm = 1
P_k_max_h/Mpc = 10.0
z_max_pk = 100.0
h = 0.6736
w0_fld = -1.0
Omega_cdm = 0.2107
Omega_b = 0.0493
Omega_Lambda = 0.0
A_s = 3.0466876098762487e-09
m_ncdm = [0.06]
sigma8 = 0.8400000000000001
Omega0_k = 0.0
Omega_fld = 0.7385005673062366
Omega0_cb = 0.26
Omega0_m = 0.2614196240547479
